int size 28
9 568 897432 7519.75777149778 [ 4692.  11327.2 90872. ]
10 316 897180 5881.0366492146595 [ 4096.  8724. 64498.]
11 64 309816 4160.535662299854 [ 3180.    6640.   43748.44]
12 64 309564 2912.1937942297222 [ 2332.   4348.  30147.2]
13 64 309312 2210.326579981857 [ 2080.   3524.  16397.6]
14 64 309060 1787.063853261619 [ 1828.  3088. 11118.]
15 64 200628 1523.5159755268526 [ 1576.    2836.   10071.68]
16 64 200376 1370.2257459997118 [1576.   2676.   8103.52]
17 64 131708 1295.864539238033 [1576. 2584. 7304.]
18 64 131456 1237.098333021165 [1576. 2584. 6960.]
19 64 131204 1213.041499330656 [1576. 2584. 6800.]
20 64 130952 1171.5252631578946 [1324. 2584. 6204.]
21 64 130700 1202.0098911968348 [1324.   2584.   6090.24]
22 64 99316 1219.229268292683 [1576.   2836.   6149.72]
23 64 99064 1243.3045226130653 [1576.   2836.   5862.64]
24 64 54464 1221.4772182254196 [1576.  2863.6 5860. ]
25 64 54212 1210.8654124457307 [1576. 3088. 5608.]
26 64 53960 1222.967971530249 [1576. 2836. 5356.]
27 64 53708 1295.094425483504 [1828.   2836.   5522.32]
28 64 53456 1293.4391244870042 [1576. 3088. 5860.]
29 64 53204 1328.087689713322 [1828.   3340.   6007.04]
30 64 30964 1391.7978947368422 [1828.   3340.   7227.12]
31 64 23312 1453.9324675324676 [1828.   3340.   7627.36]
32 64 8884 1326.3323943661971 [1828.   3088.   5808.56]
33 64 8632 1283.8950819672132 [1828.   2836.   5774.56]
34 64 8380 1243.6461538461538 [2080.   2584.   5981.16]
35 64 8128 1245.96261682243 [2080.   2508.4  5231.32]
36 64 7876 1158.276595744681 [1828.   2584.   4796.56]
37 64 7624 1059.7818181818182 [1828.   2332.   4892.32]
38 64 7372 1292.2162162162163 [1576.  2332.  5456.8]
39 64 7120 1232.125 [1324.  2206.  5444.2]
40 64 6868 1163.0843373493976 [1450.   2080.   5421.52]
41 64 6616 1044.7567567567567 [1324.   1828.   5328.28]
42 64 6364 895.223880597015 [1072.   1777.6  5199.76]
43 64 6112 740.2 [ 820.   1853.2  5071.24]
44 64 5860 755.5348837209302 [ 820.   1828.   5119.12]
45 64 5608 1163.6363636363637 [1513.   2332.   5237.56]
46 64 5356 964.0 [1324.  2080.  5003.2]
47 64 5104 1162.0 [1639.   2886.4  4874.68]
48 64 4852 1349.2 [1576.   3264.4  4693.24]
49 316 4600 1648.0 [2080.   3541.6  4494.16]
50 64 4348 1396.0 [1828.   3289.6  4242.16]
51 64 4096 1366.0 [1954.  3214.  4007.8]
52 568 3844 1765.0 [2521.   3314.8  3791.08]
53 316 3592 1513.0 [2269.   3062.8  3539.08]
54 64 3340 1261.0 [2017.   2810.8  3287.08]
55 1324 3088 2206.0 [2647.   2911.6  3070.36]
56 1072 2836 1954.0 [2395.   2659.6  2818.36]
57 820 2584 1702.0 [2143.   2407.6  2566.36]
58 568 2332 1450.0 [1891.   2155.6  2314.36]
59 316 2080 1198.0 [1639.   1903.6  2062.36]
60 64 1828 946.0 [1387.   1651.6  1810.36]
61 1576 1576 1576.0 [1576. 1576. 1576.]
62 1324 1324 1324.0 [1324. 1324. 1324.]
63 1072 1072 1072.0 [1072. 1072. 1072.]
64 820 820 820.0 [820. 820. 820.]
65 568 568 568.0 [568. 568. 568.]
66 316 316 316.0 [316. 316. 316.]
67 64 64 64.0 [64. 64. 64.]
