int size 28
7 1072 1295748 12822.983949914627 [  9744.    32018.4  135568.08]
8 568 1295496 8514.206928513498 [ 5700.   16732.8  95439.68]
9 316 1295244 6551.018247615542 [ 4440.  10916.  69887.6]
10 64 1294992 5307.06841233699 [ 3844.    8556.   55420.04]
11 64 1294740 4329.429294274301 [ 3340.    6960.   44905.52]
12 64 1294488 3469.4743771636117 [ 2836.  5288. 36508.]
13 64 1294236 2773.3962011465155 [ 2584.  4188. 26288.]
14 64 834620 2292.605484699559 [ 2172.  3684. 19710.]
15 64 834368 1960.4766550522647 [ 2080.  3340. 14384.]
16 64 834116 1752.2036675205882 [ 1828.  3088. 11748.]
17 64 833864 1603.4889506984136 [1828. 3088. 9824.]
18 64 833612 1506.5693137287737 [1576.   2836.   8996.88]
19 64 833360 1444.2274674062753 [1576. 2836. 8724.]
20 64 833108 1369.9998303143427 [1576. 2836. 7624.]
21 64 832856 1319.9557638787169 [1576. 2836. 7120.]
22 64 832604 1299.133337176457 [1576. 2836. 7120.]
23 64 832352 1320.7530998630089 [1576. 2836. 6868.]
24 64 747104 1332.7891433418151 [1576. 2836. 6868.]
25 64 746852 1350.3040197135376 [1576. 2836. 6868.]
26 64 746600 1356.0287929125138 [1576.   2836.   6811.28]
27 64 746348 1383.5036954087345 [1576. 3088. 7212.]
28 64 746096 1409.3867532936292 [1576.   3088.   6977.48]
29 64 745844 1458.7519858781995 [1828.   3340.   7128.88]
30 64 745592 1495.60404470463 [1828.  3340.  7613.8]
31 64 247992 1520.5875455553794 [1828. 3340. 9058.]
32 64 247740 1461.902142857143 [1828. 3088. 7624.]
33 64 147416 1431.8299979368683 [2080.   3088.   7256.08]
34 64 147164 1421.819592628516 [2080.   3088.   7062.04]
35 64 146912 1437.700202957379 [2080. 2836. 7120.]
36 64 146660 1486.9618644067796 [2080. 2836. 7120.]
37 64 146408 1522.156064461408 [1828. 2836. 7372.]
38 64 146156 1525.2324539571925 [1828. 2836. 7372.]
39 64 145904 1509.62774566474 [1576. 2836. 7372.]
40 64 145652 1500.080971659919 [1576.   2836.   7419.88]
41 64 145400 1460.0123839009289 [1324.  2836.  8593.8]
42 64 145148 1450.4813805631245 [1324. 2836. 8304.]
43 64 144896 1434.567481402763 [1324.  2836.  8783.2]
44 64 144644 1517.957671957672 [ 1324.   2836.  11828.4]
45 64 144392 1825.4652014652015 [ 1828.  3592. 19657.]
46 64 144140 2033.1547344110854 [ 1828.  3592. 19972.]
47 64 143888 2427.472392638037 [ 2080.  3844. 19720.]
48 64 143636 2666.266666666667 [ 2080.   3869.2 19468. ]
49 64 143384 2949.375 [ 2584.   4020.4 19216. ]
50 64 143132 3268.2780748663104 [ 2584.   4196.8 28596. ]
51 64 142880 3580.553459119497 [ 2458.  4348. 47608.]
52 64 142628 3722.013986013986 [ 2332.   4297.6 58364. ]
53 64 142376 4030.516129032258 [ 2395.   5053.6 71184. ]
54 64 142124 4324.366972477064 [ 2332.   5206.4 81252. ]
55 64 141872 4971.777777777777 [ 2521.    5633.2  92594.48]
56 64 127324 5274.962962962963 [ 2836.  13924.  63912.8]
57 64 27120 4860.571428571428 [ 8128. 13294. 22804.]
58 64 21668 4510.418604651163 [ 7876. 11404. 17656.]
59 64 21416 4364.285714285715 [ 7750.  11454.4 17498.4]
60 64 21164 4279.851851851852 [ 7876. 11656. 17388.]
61 64 20912 5147.6875 [ 8632.  14251.6 17938.4]
62 64 20660 5326.5084745762715 [ 9262.  14780.8 17922.4]
63 64 20408 6148.489795918367 [ 9388.  15083.2 18142.4]
64 64 20156 6296.782608695652 [ 9136. 15058. 18032.]
65 64 19904 6638.380952380952 [ 8884.  15108.4 17968.8]
66 64 19652 6546.731707317073 [ 8632. 14932. 17764.]
67 64 19400 7195.111111111111 [ 8758. 14680. 17748.]
68 64 19148 7362.588235294118 [ 9262.  14428.  17590.4]
69 64 18896 7566.75 [ 9703.  14176.  17432.8]
70 64 18644 7556.774193548387 [ 9766. 13924. 17228.]
71 820 18392 7554.533333333334 [ 9829.  13672.  17023.2]
72 568 18140 7302.533333333334 [ 9577.  13420.  16771.2]
73 316 17888 7050.533333333334 [ 9325.  13168.  16519.2]
74 64 17636 6798.533333333334 [ 9073.  12916.  16267.2]
75 568 17384 6778.758620689655 [ 9136.  12664.  16062.4]
76 316 17132 6526.758620689655 [ 8884.  12412.  15810.4]
77 64 16880 6274.758620689655 [ 8632.  12160.  15558.4]
78 64 16628 6244.571428571428 [ 8947.  11908.  15353.6]
79 316 16032 5998.285714285715 [ 8695.   11656.   14850.48]
80 64 11404 5547.172413793103 [ 7876. 11404. 11404.]
81 1576 11152 5491.0 [ 7687. 11152. 11152.]
82 1324 10900 5239.0 [ 7435. 10900. 10900.]
83 1072 10648 4987.0 [ 7183. 10648. 10648.]
84 820 10396 4735.0 [ 6931. 10396. 10396.]
85 568 10144 4483.0 [ 6679. 10144. 10144.]
86 316 9892 4231.0 [6427. 9892. 9892.]
87 64 9640 3979.0 [6175. 9640. 9640.]
88 64 9388 3872.0 [5986. 9388. 9388.]
89 64 9136 3766.4615384615386 [5797. 9136. 9136.]
90 316 8884 4187.636363636364 [7120. 8884. 8884.]
91 64 8632 3935.6363636363635 [6868. 8632. 8632.]
92 316 8380 4070.8 [7246. 8380. 8380.]
93 64 8128 3818.8 [6994. 8128. 8128.]
94 64 7876 3764.4210526315787 [6868. 7876. 7876.]
95 820 7624 3947.764705882353 [6868. 7624. 7624.]
96 568 7372 3695.764705882353 [6616. 7372. 7372.]
97 316 7120 3443.764705882353 [6364. 7120. 7120.]
98 64 6868 3191.764705882353 [6112. 6868. 6868.]
99 64 6616 3135.25 [6049. 6616. 6616.]
100 64 6364 3322.0 [6175. 6364. 6364.]
101 1324 6112 4373.2 [6112. 6112. 6112.]
102 1072 5860 4121.2 [5860. 5860. 5860.]
103 820 5608 3869.2 [5608. 5608. 5608.]
104 568 5356 3617.2 [5356. 5356. 5356.]
105 316 5104 3365.2 [5104. 5104. 5104.]
106 64 4852 3113.2 [4852. 4852. 4852.]
107 820 4600 3200.0 [4600. 4600. 4600.]
108 568 4348 2948.0 [4348. 4348. 4348.]
109 316 4096 2696.0 [4096. 4096. 4096.]
110 64 3844 2444.0 [3844. 3844. 3844.]
111 64 3592 2489.5 [3592. 3592. 3592.]
112 64 3340 2584.0 [3340. 3340. 3340.]
113 1828 3088 2752.0 [3088. 3088. 3088.]
114 1576 2836 2500.0 [2836. 2836. 2836.]
115 1324 2584 2248.0 [2584. 2584. 2584.]
116 1072 2332 1996.0 [2332. 2332. 2332.]
117 820 2080 1744.0 [2080. 2080. 2080.]
118 568 1828 1492.0 [1828. 1828. 1828.]
119 316 1576 1240.0 [1576. 1576. 1576.]
120 64 1324 988.0 [1324. 1324. 1324.]
121 316 1072 920.8 [1072. 1072. 1072.]
122 64 820 668.8 [820. 820. 820.]
123 568 568 568.0 [568. 568. 568.]
124 316 316 316.0 [316. 316. 316.]
125 64 64 64.0 [64. 64. 64.]
