int size 28
8 568 4973592 9306.754382565437 [ 5952.   23928.   90674.88]
9 316 4454420 6429.570751889222 [ 4188.  11076.  69015.2]
10 64 1751496 4965.02421677927 [ 3592.  7556. 55324.]
11 64 1751244 4056.570734166136 [ 3088.  5952. 46792.]
12 64 1750992 3374.870674964164 [ 2676.    4876.   39571.56]
13 64 1750740 2815.243554444622 [ 2332.  4096. 32552.]
14 64 1618084 2376.8163002120305 [ 2080.  3592. 25564.]
15 64 842088 2060.6237443140403 [ 2080.  3340. 19400.]
16 64 841836 1853.632964903405 [ 1828.  3180. 15644.]
17 64 841584 1724.2726222119495 [ 1828.  3088. 13696.]
18 64 841332 1632.5561208811105 [ 1828.    3088.   12389.12]
19 64 833360 1574.3134317531235 [ 1828.    3088.   11425.76]
20 64 833108 1521.3835245335756 [ 1576.  3088. 10580.]
21 64 832856 1488.7330387314792 [1576. 3088. 9664.]
22 64 832604 1481.6860179241514 [1576. 3088. 9252.]
23 64 832352 1489.8144386038898 [1828. 3088. 9068.]
24 64 747104 1496.9510630799953 [1828. 3088. 9000.]
25 64 746852 1500.9495562627515 [1828. 3088. 8976.]
26 64 746600 1499.13788637541 [1828. 3088. 8724.]
27 64 746348 1512.2094572179549 [1828. 3180. 8724.]
28 64 746096 1525.062260413764 [1828. 3340. 8632.]
29 64 745844 1539.3769821517458 [1828.   3340.   8469.96]
30 64 745592 1552.1991312084576 [1828. 3340. 8472.]
31 64 313636 1553.5465140453216 [1828. 3340. 8632.]
32 64 313384 1533.8536695500022 [1828. 3340. 8564.]
33 64 313132 1523.9884468951032 [1828. 3340. 8404.]
34 64 312880 1524.6321576165305 [2080. 3340. 8380.]
35 64 312628 1549.2038542332632 [2080. 3340. 8380.]
36 64 270988 1569.1447996762445 [2080. 3340. 8632.]
37 64 270736 1606.2320860767625 [2080. 3340. 8632.]
38 64 270484 1617.3281760486686 [2080. 3340. 9136.]
39 64 270232 1627.6649416717833 [2080.   3340.   9571.08]
40 64 269980 1632.6208163265305 [1828.   3340.   9892.24]
41 64 269728 1630.8400212753384 [ 1828.   3340.  10634.4]
42 64 269476 1619.499012463393 [ 1828.  3340. 10900.]
43 64 269224 1608.0216861789895 [ 1828.   3340.  11572.8]
44 64 177948 1619.7018382352942 [ 1828.  3592. 13420.]
45 64 177696 1686.8228786370173 [ 1828.    3592.   14836.24]
46 64 177444 1759.0356905930742 [ 2080.   3601.6 17452. ]
47 64 177192 1844.9581942457478 [ 2080.  3844. 17956.]
48 64 176940 1898.2979356518504 [ 2080.    3844.   18328.96]
49 64 143384 1957.8878260869565 [ 2080.    3844.   21234.52]
50 64 143132 2032.8927388535033 [ 2332.  4096. 21232.]
51 64 142880 2146.3888888888887 [ 2332.  4096. 22996.]
52 64 142628 2237.400351493849 [ 2332.  4348. 22744.]
53 64 142376 2401.2658015906236 [ 2332.  4600. 22492.]
54 64 142124 2470.473834443387 [ 2332.  4852. 22240.]
55 64 141872 2591.608791208791 [ 2332.    5356.   22852.36]
56 64 127324 2709.989924433249 [ 2584.  5860. 24004.]
57 64 57956 2892.427838827839 [ 2584.  7372. 23752.]
58 64 36856 3044.565690376569 [ 2836.    7876.   23545.36]
59 64 36604 3170.2356267672008 [ 3088.   8884.  24205.6]
60 64 36352 3375.6627027027025 [ 3340.   10144.   24447.52]
61 64 36100 3674.9104665825976 [ 3844.  11404.  25616.8]
62 64 35848 3967.953555878084 [ 4348.  12966.4 26656. ]
63 64 35596 4243.341021416804 [ 5104.  13590.4 27306. ]
64 64 35344 4662.898661567878 [ 5608.   13873.6  29406.96]
65 64 35092 5029.752711496746 [ 6616. 14932. 29800.]
66 64 34840 5249.938242280285 [ 7120. 14932. 29548.]
67 64 34588 5574.744063324538 [ 8254.   16746.4  29351.44]
68 64 34336 5883.895348837209 [ 8884.   16696.   29187.64]
69 64 34084 6147.5822784810125 [ 9388.  16822.  29006.2]
70 64 33832 6350.816326530612 [10585.   18208.   29091.88]
71 64 33580 6533.76 [10774.   17956.   29653.84]
72 64 33328 6844.347826086957 [11152.   17704.   30344.32]
73 64 33076 6901.8677685950415 [11341.   17452.   30563.56]
74 64 32824 7006.626086956522 [11152.   17200.   30825.64]
75 64 32572 7103.342465753424 [10900.   16948.   31044.88]
76 64 32320 7295.57281553398 [10837.  16696.  31349.8]
77 64 32068 7297.949748743718 [10900.   16444.   31313.84]
78 64 31816 7428.6984126984125 [11152.   16242.4  31071.04]
79 64 31564 7545.822222222222 [11656.   16048.   30827.32]
80 64 31312 7465.681818181818 [11215. 15814. 30579.]
81 64 31060 7566.142857142857 [11152.   15688.   30334.36]
82 64 30808 7544.269938650306 [10900.   15436.   30086.96]
83 64 30556 7678.348387096774 [11530.   15637.6  29842.32]
84 64 30304 7628.05298013245 [12160. 15688. 29594.]
85 64 30052 7744.861111111111 [12412.   15209.2  27453.88]
86 64 29800 7656.2836879432625 [12160.  15184.  27330.4]
87 64 29548 7633.19708029197 [11908.   15032.8  27249.76]
88 64 29296 7667.909090909091 [11656.   14906.8  27211.96]
89 64 29044 7532.892307692307 [11404.   14730.4  27045.64]
90 316 28792 8110.7692307692305 [13168.   15133.6  27350.56]
91 64 28540 7858.7692307692305 [12916.   14881.6  27098.56]
92 64 28288 7882.690265486725 [12664.   14831.2  27017.92]
93 64 28036 7771.5675675675675 [12412.  14680.  26851.6]
94 64 27784 7733.666666666667 [12160.   14428.   26728.12]
95 316 27532 7700.8 [11908.   14176.   26604.64]
96 64 27280 7448.8 [11656.   13924.   26352.64]
97 64 27028 7267.807692307692 [11404.   13672.   26143.48]
98 64 26776 7229.782178217822 [11152. 13420. 26020.]
99 64 26524 7049.44 [10900.   13243.6  25775.56]
100 64 26272 7013.484536082474 [10648.   13218.4  25546.24]
101 64 26020 7302.0 [10396.   13470.4  25347.16]
102 316 25768 7214.5 [10144.   13319.2  25110.28]
103 64 25516 6962.5 [ 9892.   13067.2  24858.28]
104 64 25264 6953.976470588235 [ 9640.   12966.4  24628.96]
105 316 25012 6868.0 [ 9388.   12815.2  24392.08]
106 64 24760 6616.0 [ 9136.   12563.2  24140.08]
107 820 24508 6874.545454545455 [ 8884.   12512.8  23933.44]
108 568 24256 6622.545454545455 [ 8632.   12260.8  23681.44]
109 316 24004 6370.545454545455 [ 8380.   12008.8  23429.44]
110 64 23752 6118.545454545455 [ 8128.   11756.8  23177.44]
111 64 23500 6028.0 [ 8002.   11555.2  22940.56]
112 64 23248 5856.594594594595 [ 7813.   11328.4  22696.12]
113 64 22996 5849.352112676056 [ 7624.  11152.  22466.8]
114 64 22744 5852.588235294118 [ 7372.   11278.   22237.48]
115 64 22492 5776.0 [ 7120.  11278.  22000.6]
116 64 22240 5702.5 [ 6868.   11278.   21763.72]
117 64 21988 5727.803278688524 [ 6616.  11404.  21534.4]
118 64 21736 5570.2 [ 6553.   11278.   21289.96]
119 64 21484 6289.882352941177 [ 7372. 12160. 21106.]
120 64 21232 6162.4 [ 7246.   12311.2  20861.56]
121 316 20980 6164.5 [ 7246.   12865.6  20624.68]
122 64 20728 5912.5 [ 6994.   12613.6  20372.68]
123 316 20476 5914.782608695652 [ 6994.  13168.  20135.8]
124 64 20224 5662.782608695652 [ 6742.  12916.  19883.8]
125 64 19972 5535.2 [ 6616.   13067.2  19639.36]
126 64 19720 5816.975609756098 [ 6364.  14428.  19417.6]
127 1072 19468 5708.8 [ 6301.   14176.   19173.16]
128 820 19216 5456.8 [ 6049.   13924.   18921.16]
129 568 18964 5204.8 [ 5797.   13672.   18669.16]
130 316 18712 4952.8 [ 5545.   13420.   18417.16]
131 64 18460 4700.8 [ 5293.   13168.   18165.16]
132 316 18208 4567.692307692308 [ 5230.   12916.   17920.72]
133 64 17956 4315.692307692308 [ 4978.   12664.   17668.72]
134 64 17704 4175.578947368421 [ 4915.   12412.   17424.28]
135 568 17452 4694.5 [ 5419.   12160.   17217.64]
136 316 17200 4442.5 [ 5167.   11908.   16965.64]
137 64 16948 4190.5 [ 4915.   11656.   16713.64]
138 1072 16696 4071.6129032258063 [ 4726.  11404.  16469.2]
139 820 16444 3819.6129032258063 [ 4474.  11152.  16217.2]
140 568 16192 3567.6129032258063 [ 4222.  10900.  15965.2]
141 316 15940 3315.6129032258063 [ 3970.  10648.  15713.2]
142 64 15688 3063.6129032258063 [ 3718.  10396.  15461.2]
143 64 15436 4706.105263157895 [ 8128.   11252.8  15299.92]
144 568 15184 5692.0 [ 9892.   12714.4  15078.16]
145 316 14932 5440.0 [ 9640.   12462.4  14826.16]
146 64 14680 5188.0 [ 9388.   12210.4  14574.16]
147 64 14428 5302.0 [ 9136.   12386.8  14329.72]
148 316 14176 5452.923076923077 [ 8884.   12563.2  14085.28]
149 64 13924 5200.923076923077 [ 8632.   12311.2  13833.28]
150 316 13672 5377.0 [ 8443.   12487.6  13588.84]
151 64 13420 5125.0 [ 8191.   12235.6  13336.84]
152 568 13168 5885.2 [ 8065.   12487.6  13099.96]
153 316 12916 5633.2 [ 7813.   12235.6  12847.96]
154 64 12664 5381.2 [ 7561.   11983.6  12595.96]
155 316 12412 5720.0 [ 7372.   11807.2  12351.52]
156 64 12160 5468.0 [ 7120.   11555.2  12099.52]
157 64 11908 5891.5 [ 7939.   11378.8  11855.08]
158 1072 11656 6472.0 [ 8758.   11202.4  11610.64]
159 820 11404 6220.0 [ 8506.   10950.4  11358.64]
160 568 11152 5968.0 [ 8254.   10698.4  11106.64]
161 316 10900 5716.0 [ 8002.   10446.4  10854.64]
162 64 10648 5464.0 [ 7750.   10194.4  10602.64]
163 1072 10396 6112.0 [ 8569.  10018.  10358.2]
164 820 10144 5860.0 [ 8317.   9766.  10106.2]
165 568 9892 5608.0 [8065.  9514.  9854.2]
166 316 9640 5356.0 [7813.  9262.  9602.2]
167 64 9388 5104.0 [7561.  9010.  9350.2]
168 3844 9136 5860.0 [8380.   8833.6  9105.76]
169 3592 8884 5608.0 [8128.   8581.6  8853.76]
170 3340 8632 5356.0 [7876.   8329.6  8601.76]
171 3088 8380 5104.0 [7624.   8077.6  8349.76]
172 2836 8128 4852.0 [7372.   7825.6  8097.76]
173 2584 7876 4600.0 [7120.   7573.6  7845.76]
174 2332 7624 4348.0 [6868.   7321.6  7593.76]
175 2080 7372 4096.0 [6616.   7069.6  7341.76]
176 1828 7120 3844.0 [6364.   6817.6  7089.76]
177 1576 6868 3592.0 [6112.   6565.6  6837.76]
178 1324 6616 3340.0 [5860.   6313.6  6585.76]
179 1072 6364 3088.0 [5608.   6061.6  6333.76]
180 820 6112 2836.0 [5356.   5809.6  6081.76]
181 568 5860 2584.0 [5104.   5557.6  5829.76]
182 316 5608 2332.0 [4852.   5305.6  5577.76]
183 64 5356 2080.0 [4600.   5053.6  5325.76]
184 64 5104 3172.0 [4726.   4952.8  5088.88]
185 4096 4852 4474.0 [4663.   4776.4  4844.44]
186 3844 4600 4222.0 [4411.   4524.4  4592.44]
187 3592 4348 3970.0 [4159.   4272.4  4340.44]
188 3340 4096 3718.0 [3907.   4020.4  4088.44]
189 3088 3844 3466.0 [3655.   3768.4  3836.44]
190 2836 3592 3214.0 [3403.   3516.4  3584.44]
191 2584 3340 2962.0 [3151.   3264.4  3332.44]
192 2332 3088 2710.0 [2899.   3012.4  3080.44]
193 2080 2836 2458.0 [2647.   2760.4  2828.44]
194 1828 2584 2206.0 [2395.   2508.4  2576.44]
195 1576 2332 1954.0 [2143.   2256.4  2324.44]
196 1324 2080 1702.0 [1891.   2004.4  2072.44]
197 1072 1828 1450.0 [1639.   1752.4  1820.44]
198 820 1576 1198.0 [1387.   1500.4  1568.44]
199 568 1324 946.0 [1135.   1248.4  1316.44]
200 316 1072 694.0 [ 883.    996.4  1064.44]
201 64 820 442.0 [631.   744.4  812.44]
202 568 568 568.0 [568. 568. 568.]
203 316 316 316.0 [316. 316. 316.]
204 64 64 64.0 [64. 64. 64.]
